3.745401188473624909e-01 9.507143064099161656e-01 2.415856647739832719e-01
7.319939418114050911e-01 5.986584841970366000e-01 4.366488897058169449e-01
1.560186404424365181e-01 1.559945203362026467e-01 2.945617972772088811e-01
5.808361216819946105e-02 8.661761457749351800e-01 3.754038681158722301e-01
6.011150117432088047e-01 7.080725777960454881e-01 3.020704094329477174e-01
2.058449429580244683e-02 9.699098521619943236e-01 -3.841139119582205608e-03
8.324426408004217404e-01 2.123391106782761550e-01 9.472436798564509708e-01
1.818249672071006184e-01 1.834045098534338170e-01 2.505540733352217830e-01
3.042422429595377231e-01 5.247564316322378408e-01 8.381322372842917590e-01
4.319450186421157634e-01 2.912291401980419137e-01 5.633548668568290063e-01
6.118528947223794701e-01 1.394938606520418345e-01 1.473303998971631223e-01
2.921446485352181544e-01 3.663618432936917024e-01 8.671402865973937280e-01
4.560699842170359286e-01 7.851759613930135995e-01 2.587347371758812464e-01
1.996737821583597361e-01 5.142344384136116053e-01 1.091914540923719423e+00
5.924145688620424677e-01 4.645041271999772459e-02 7.465818585654822315e-02
6.075448519014383653e-01 1.705241236872915289e-01 2.502088511848934438e-01
6.505159298527951606e-02 9.488855372533332444e-01 1.568327600101889208e-01
9.656320330745593594e-01 8.083973481164611341e-01 2.211558790549091047e-01
3.046137691733706854e-01 9.767211400638386998e-02 1.884076287840045494e-01
6.842330265121568944e-01 4.401524937396013026e-01 7.592384266971394791e-01
1.220382348447788257e-01 4.951769101112701854e-01 6.594589751608193051e-01
3.438852111521839561e-02 9.093204020787820641e-01 1.184693844533746543e-01
2.587799816000169173e-01 6.625222843539819717e-01 7.637914750007966935e-01
3.117110760894109545e-01 5.200680211778108131e-01 1.072986477707873920e+00
5.467102793432796481e-01 1.848544555255270394e-01 1.465476864394386070e-01
9.695846277645585598e-01 7.751328233611145535e-01 2.436177484102402258e-01
9.394989415641891162e-01 8.948273504276488266e-01 3.308549543296843698e-01
5.978999788110851421e-01 9.218742350231168281e-01 1.349126963630542519e-01
8.849250205191949714e-02 1.959828624191451985e-01 2.958001088020316693e-01
4.522728891053806599e-02 3.253303307632643415e-01 5.095327517788194038e-01
3.886772896894820084e-01 2.713490317738959101e-01 4.659278141279748486e-01
8.287375091519293413e-01 3.567533266935892788e-01 9.318503302727307869e-01
2.809345096873807623e-01 5.426960831582484657e-01 1.007078461408814629e+00
1.409242249747626463e-01 8.021969807540396680e-01 2.380465315961914352e-01
7.455064367977082274e-02 9.868869366005172949e-01 2.388304064238277458e-01
7.722447692966574184e-01 1.987156815341724059e-01 7.897435917188515564e-01
5.522117123602399147e-03 8.154614284548341585e-01 7.335889314078272716e-02
7.068573438476171145e-01 7.290071680409873078e-01 4.396015483997678386e-01
7.712703466859457402e-01 7.404465173409036094e-02 5.956753143419502017e-01
3.584657285442726105e-01 1.158690595251297140e-01 2.693341607715631913e-01
8.631034258755935218e-01 6.232981268275579190e-01 7.849881504403990462e-01
3.308980248526491863e-01 6.355835028602363490e-02 3.797622152930148209e-02
3.109823217156622022e-01 3.251833220267470459e-01 8.080351146054661760e-01
7.296061783380640708e-01 6.375574713552131234e-01 5.652952078313422390e-01
8.872127425763265407e-01 4.722149251619492949e-01 9.477446207892803454e-01
1.195942459383017020e-01 7.132447872229950026e-01 6.819763057886660818e-01
7.607850486168974413e-01 5.612771975694962334e-01 6.289030506816447597e-01
7.709671799545609883e-01 4.937955963643907431e-01 6.551165928483413392e-01
5.227328293819940574e-01 4.275410183585496293e-01 6.257763671386994409e-01
2.541912674409518846e-02 1.078914269933044512e-01 3.151248423664987364e-02
3.142918568673425117e-02 6.364104112637803956e-01 5.103998860021247141e-01
3.143559810763266738e-01 5.085706911647027706e-01 1.032147473823052275e+00
9.075664739260930203e-01 2.492922291488749442e-01 1.031349900447614765e+00
4.103829230356297320e-01 7.555511385430486726e-01 5.322869888921534232e-01
2.287981654916224628e-01 7.697990982879299171e-02 1.339718670539702394e-01
2.897514529137680261e-01 1.612212872540044195e-01 4.246256194135850648e-01
9.296976523425730665e-01 8.081203795644169574e-01 3.543047923436294933e-01
6.334037565104234657e-01 8.714605901877177097e-01 4.299887224916957296e-01
8.036720768991144626e-01 1.865700588860358389e-01 9.122597044878472117e-01
8.925589984899777729e-01 5.393422419156507219e-01 6.972685894733759993e-01
8.074401551640625341e-01 8.960912999234932341e-01 1.493523706097571457e-01
3.180034749718638754e-01 1.100519245276767588e-01 2.326862703212552452e-01
2.279351625419416827e-01 4.271077886262563128e-01 8.902298444805125666e-01
8.180147659224931145e-01 8.607305832563434400e-01 3.749044705336514460e-01
6.952130531190703344e-03 5.107473025775657316e-01 6.312299381829342693e-01
4.174110031487789918e-01 2.221078104707302492e-01 3.845783837916608716e-01
1.198653673336828041e-01 3.376151714036279561e-01 5.244103447349004465e-01
9.429097039125191593e-01 3.232029320207552292e-01 7.645653001380391389e-01
5.187906217433660983e-01 7.030189588951778479e-01 4.369378736449945899e-01
3.636296023792939813e-01 9.717820827209606716e-01 1.680160719805677549e-01
9.624472949421112311e-01 2.517822958253641552e-01 9.193319688477060714e-01
4.972485058923854506e-01 3.008783098167696624e-01 3.961245958532382261e-01
2.848404943774676124e-01 3.688694735453279527e-02 1.095324432650537777e-01
6.095643339798968441e-01 5.026790232288614879e-01 6.750661442116713262e-01
5.147875124998935181e-02 2.786464642366114353e-01 3.059971805116854515e-01
9.082658859666536966e-01 2.395618906669724213e-01 1.021366129413636470e+00
1.448948720912230925e-01 4.894527602775630148e-01 8.651566824701709679e-01
9.856504541106007045e-01 2.420552715115004139e-01 7.098380037871471204e-01
6.721355474058785529e-01 7.616196153287175807e-01 3.442478186186080369e-01
2.376375439923996691e-01 7.282163486118595763e-01 6.032519606212050078e-01
